0.	0.0125	0.9999995204136056
1.	0.0125	0.9999995204136056
0.	0.025	0.9999994248538392
1.	0.025	0.9999994248538392
0.	0.0375	0.9999995775842114
1.	0.0375	0.9999995775842114
0.	0.05	1.0000001269346408
1.	0.05	1.0000001269346408
0.	0.0625	1.0000010409072957
1.	0.0625	1.0000010409072957
0.	0.075	1.0000006624476874
1.	0.075	1.0000006624476874
0.	0.0875	1.0000001917698473
1.	0.0875	1.0000001917698473
0.	0.1	0.9999994371403329
1.	0.1	0.9999994371403329
0.	0.1125	1.0000008736302886
1.	0.1125	1.0000008736302886
0.	0.125	0.9999999389857437
1.	0.125	0.9999999389857437
0.	0.1375	0.9999999791254741
1.	0.1375	0.9999999791254741
0.	0.15	0.9999996570233377
1.	0.15	0.9999996570233377
0.	0.1625	1.0000004603338828
1.	0.1625	1.0000004603338828
0.	0.175	1.0000011300611453
1.	0.175	1.0000011300611453
0.	0.1875	1.000001826555394
1.	0.1875	1.000001826555394
0.	0.2	1.0000012606218003
1.	0.2	1.0000012606218003
0.	0.2125	1.0000001220524573
1.	0.2125	1.0000001220524573
0.	0.225	0.9999978758872826
1.	0.225	0.9999978758872826
0.	0.2375	0.999999138624674
1.	0.2375	0.999999138624674
0.	0.25	0.9999997252459476
1.	0.25	0.9999997252459476
0.	0.2625	1.000003824369217
1.	0.2625	1.000003824369217
0.	0.275	0.9999961591551951
1.	0.275	0.9999961591551951
0.	0.2875	0.9999982702492012
1.	0.2875	0.9999982702492012
0.	0.3	1.0000014765519925
1.	0.3	1.0000014765519925
0.	0.3125	1.0000026921056056
1.	0.3125	1.0000026921056056
0.	0.325	0.9999975677914448
1.	0.325	0.9999975677914448
0.	0.3375	1.0000022145890664
1.	0.3375	1.0000022145890664
0.	0.35	1.0000100321499903
1.	0.35	1.0000100321499903
0.	0.3625	0.9999967335654354
1.	0.3625	0.9999967335654354
0.	0.375	1.0000018236493757
1.	0.375	1.0000018236493757
0.	0.3875	1.0000187925345527
1.	0.3875	1.0000187925345527
0.	0.4	1.000024158773503
1.	0.4	1.000024158773503
0.	0.4125	1.000023974350339
1.	0.4125	1.000023974350339
0.	0.425	1.0000379161491817
1.	0.425	1.0000379161491817
0.	0.4375	1.0000034107754419
1.	0.4375	1.0000034107754419
0.	0.45	0.9999267532974094
1.	0.45	0.9999267532974094
0.	0.4625	0.9999493207542108
1.	0.4625	0.9999493207542108
0.	0.475	1.0003827564661523
1.	0.475	1.0003827564661523
0.	0.4875	1.0014956514471793
1.	0.4875	1.0014956514471793
0.	0.5	Indeterminate
1.	0.5	Indeterminate
0.	0.5125	1.0014956514468236
1.	0.5125	1.0014956514468236
0.	0.525	1.0003827564661523
1.	0.525	1.0003827564661523
0.	0.5375	0.9999493207542108
1.	0.5375	0.9999493207542108
0.	0.55	0.9999267532974094
1.	0.55	0.9999267532974094
0.	0.5625	1.0000034107754419
1.	0.5625	1.0000034107754419
0.	0.575	1.0000379161491817
1.	0.575	1.0000379161491817
0.	0.5875	1.000023974350339
1.	0.5875	1.000023974350339
0.	0.6	1.000024158773503
1.	0.6	1.000024158773503
0.	0.6125	1.0000187925345527
1.	0.6125	1.0000187925345527
0.	0.625	1.0000018236493757
1.	0.625	1.0000018236493757
0.	0.6375	0.9999967335654383
1.	0.6375	0.9999967335654383
0.	0.65	1.0000100321499903
1.	0.65	1.0000100321499903
0.	0.6625	1.0000022145890664
1.	0.6625	1.0000022145890664
0.	0.675	0.9999975677914448
1.	0.675	0.9999975677914448
0.	0.6875	1.0000026921056056
1.	0.6875	1.0000026921056056
0.	0.7	1.0000014765519925
1.	0.7	1.0000014765519925
0.	0.7125	0.9999982702492012
1.	0.7125	0.9999982702492012
0.	0.725	0.9999961591551951
1.	0.725	0.9999961591551951
0.	0.7375	1.000003824369217
1.	0.7375	1.000003824369217
0.	0.75	0.9999997252459476
1.	0.75	0.9999997252459476
0.	0.7625	0.999999138624674
1.	0.7625	0.999999138624674
0.	0.775	0.9999978758872826
1.	0.775	0.9999978758872826
0.	0.7875	1.0000001220524573
1.	0.7875	1.0000001220524573
0.	0.8	1.0000012606218003
1.	0.8	1.0000012606218003
0.	0.8125	1.000001826555394
1.	0.8125	1.000001826555394
0.	0.825	1.0000011300611458
1.	0.825	1.0000011300611458
0.	0.8375	1.0000004603338826
1.	0.8375	1.0000004603338826
0.	0.85	0.9999996570233379
1.	0.85	0.9999996570233379
0.	0.8625	0.9999999791254739
1.	0.8625	0.9999999791254739
0.	0.875	0.9999999389857437
1.	0.875	0.9999999389857437
0.	0.8875	1.0000008736302886
1.	0.8875	1.0000008736302886
0.	0.9	0.9999994371403329
1.	0.9	0.9999994371403329
0.	0.9125	1.0000001917698476
1.	0.9125	1.0000001917698476
0.	0.925	1.0000006624476874
1.	0.925	1.0000006624476874
0.	0.9375	1.0000010409072957
1.	0.9375	1.0000010409072957
0.	0.95	1.000000126934641
1.	0.95	1.000000126934641
0.	0.9625	0.9999995775842114
1.	0.9625	0.9999995775842114
0.	0.975	0.9999994248538395
1.	0.975	0.9999994248538395
0.	0.9875	0.9999995204136055
1.	0.9875	0.9999995204136055
0.	1.	Indeterminate
1.	1.	Indeterminate
0.05	0.0125	1.175997486833761
0.95	0.0125	1.175997486833761
0.05	0.025	1.110397032595977
0.95	0.025	1.1103970325959773
0.05	0.0375	1.0562970707072816
0.95	0.0375	1.0562970707072816
0.05	0.05	1.0098524621149074
0.95	0.05	1.0098524621149074
0.05	0.0625	1.000001280521439
0.95	0.0625	1.0000012805214389
0.05	0.075	0.9999982512172974
0.95	0.075	0.9999982512172974
0.05	0.0875	0.9999984862115083
0.95	0.0875	0.9999984862115081
0.05	0.1	1.0000017494350821
0.95	0.1	1.000001749435082
0.05	0.1125	0.9999997850604697
0.95	0.1125	0.9999997850604697
0.05	0.125	1.0000024531970704
0.95	0.125	1.0000024531970704
0.05	0.1375	0.9999992526963417
0.95	0.1375	0.9999992526963417
0.05	0.15	1.0000006911557207
0.95	0.15	1.0000006911557207
0.05	0.1625	0.9999989913096631
0.95	0.1625	0.9999989913096631
0.05	0.175	1.0000033925321166
0.95	0.175	1.000003392532116
0.05	0.1875	0.9999976623516265
0.95	0.1875	0.9999976623516265
0.05	0.2	1.000003110537904
0.95	0.2	1.000003110537904
0.05	0.2125	1.0000009254524544
0.95	0.2125	1.0000009254524544
0.05	0.225	1.0000007149784214
0.95	0.225	1.0000007149784202
0.05	0.2375	1.0000038123232353
0.95	0.2375	1.0000038123232353
0.05	0.25	0.9999996699726299
0.95	0.25	0.9999996699726299
0.05	0.2625	0.9999999564877435
0.95	0.2625	0.9999999564877435
0.05	0.275	0.9999947542875673
0.95	0.275	0.9999947542875673
0.05	0.2875	1.0000056048603205
0.95	0.2875	1.0000056048603205
0.05	0.3	0.9999960282050477
0.95	0.3	0.9999960282050477
0.05	0.3125	1.0000005742522458
0.95	0.3125	1.0000005742522458
0.05	0.325	1.0000116879991998
0.95	0.325	1.0000116879991945
0.05	0.3375	0.9999994358148105
0.95	0.3375	0.9999994358148105
0.05	0.35	0.9999948421618008
0.95	0.35	0.9999948421617971
0.05	0.3625	0.9999950727996848
0.95	0.3625	0.9999950727996804
0.05	0.375	1.0000193126579842
0.95	0.375	1.0000193126579788
0.05	0.3875	1.0000172677917314
0.95	0.3875	1.0000172677917247
0.05	0.4	0.9999994873944669
0.95	0.4	0.9999994873944669
0.05	0.4125	0.9999554714778469
0.95	0.4125	0.9999554714778469
0.05	0.425	0.9999468299245299
0.95	0.425	0.9999468299245299
0.05	0.4375	1.0000827256205864
0.95	0.4375	1.0000827256205864
0.05	0.45	0.9999705628966566
0.95	0.45	0.9999705628966227
0.05	0.4625	0.999773642890298
0.95	0.4625	0.9997736428902377
0.05	0.475	0.9995741461848773
0.95	0.475	0.9995741461848773
0.05	0.4875	0.9997792443370338
0.95	0.4875	0.9997792443370338
0.05	0.5	Indeterminate
0.95	0.5	Indeterminate
0.05	0.5125	0.9997792443370338
0.95	0.5125	0.9997792443364926
0.05	0.525	0.9995741461848773
0.95	0.525	0.9995741461848773
0.05	0.5375	0.999773642890298
0.95	0.5375	0.9997736428902377
0.05	0.55	0.9999705628966566
0.95	0.55	0.9999705628966227
0.05	0.5625	1.0000827256205864
0.95	0.5625	1.0000827256205864
0.05	0.575	0.9999468299245299
0.95	0.575	0.9999468299245299
0.05	0.5875	0.9999554714778469
0.95	0.5875	0.9999554714778469
0.05	0.6	0.9999994873944669
0.95	0.6	0.9999994873944669
0.05	0.6125	1.0000172677917314
0.95	0.6125	1.0000172677917247
0.05	0.625	1.0000193126579842
0.95	0.625	1.0000193126579788
0.05	0.6375	0.9999950727996848
0.95	0.6375	0.9999950727996759
0.05	0.65	0.9999948421618008
0.95	0.65	0.9999948421617971
0.05	0.6625	0.9999994358148105
0.95	0.6625	0.9999994358148105
0.05	0.675	1.0000116879991972
0.95	0.675	1.0000116879991972
0.05	0.6875	1.0000005742522458
0.95	0.6875	1.0000005742522458
0.05	0.7	0.9999960282050477
0.95	0.7	0.9999960282050477
0.05	0.7125	1.0000056048603205
0.95	0.7125	1.0000056048603205
0.05	0.725	0.9999947542875673
0.95	0.725	0.9999947542875673
0.05	0.7375	0.9999999564877435
0.95	0.7375	0.9999999564877421
0.05	0.75	0.9999996699726299
0.95	0.75	0.9999996699726299
0.05	0.7625	1.0000038123232353
0.95	0.7625	1.0000038123232353
0.05	0.775	1.0000007149784214
0.95	0.775	1.0000007149784202
0.05	0.7875	1.0000009254524544
0.95	0.7875	1.0000009254524544
0.05	0.8	1.000003110537904
0.95	0.8	1.000003110537903
0.05	0.8125	0.9999976623516265
0.95	0.8125	0.9999976623516265
0.05	0.825	1.0000033925321166
0.95	0.825	1.000003392532116
0.05	0.8375	0.9999989913096631
0.95	0.8375	0.9999989913096631
0.05	0.85	1.0000006911557207
0.95	0.85	1.000000691155721
0.05	0.8625	0.9999992526963417
0.95	0.8625	0.9999992526963412
0.05	0.875	1.0000024531970704
0.95	0.875	1.0000024531970704
0.05	0.8875	0.9999997850604697
0.95	0.8875	0.9999997850604697
0.05	0.9	1.0000017494350821
0.95	0.9	1.0000017494350821
0.05	0.9125	0.9999984862115079
0.95	0.9125	0.9999984862115083
0.05	0.925	0.999998251217297
0.95	0.925	0.9999982512172968
0.05	0.9375	1.000001280521439
0.95	0.9375	1.0000012805214389
0.05	0.95	0.9999987784256871
0.95	0.95	0.9999987784256871
0.05	0.9625	1.000000173279823
0.95	0.9625	1.0000001732798227
0.05	0.975	0.9999990912623432
0.95	0.975	0.9999990912623432
0.05	0.9875	0.9999994638309414
0.95	0.9875	0.9999994638309414
0.05	1.	0.9999991288611678
0.95	1.	0.9999991288611678
0.1	0.0125	1.430441811294104
0.9	0.0125	1.4304418112941037
0.1	0.025	1.3047986071025799
0.9	0.025	1.3047986071025794
0.1	0.0375	1.2310217463799908
0.9	0.0375	1.2310217463799908
0.1	0.05	1.1690051505620322
0.9	0.05	1.1690051505620316
0.1	0.0625	1.114087283198602
0.9	0.0625	1.114087283198602
0.1	0.075	1.0649795382759693
0.9	0.075	1.0649795382759693
0.1	0.0875	1.020746728809002
0.9	0.0875	1.020746728809001
0.1	0.1	0.9999983349767615
0.9	0.1	0.9999983349767615
0.1	0.1125	0.9999964302899372
0.9	0.1125	0.9999964302899372
0.1	0.125	0.9999978064122986
0.9	0.125	0.9999978064122986
0.1	0.1375	1.0000022471236147
0.9	0.1375	1.0000022471236147
0.1	0.15	1.0000047244483448
0.9	0.15	1.0000047244483448
0.1	0.1625	1.0000043049926872
0.9	0.1625	1.000004304992685
0.1	0.175	0.9999951781869905
0.9	0.175	0.9999951781869905
0.1	0.1875	1.0000014765519925
0.9	0.1875	1.0000014765519913
0.1	0.2	0.9999984664677137
0.9	0.2	0.9999984664677137
0.1	0.2125	1.0000049513428908
0.9	0.2125	1.0000049513428908
0.1	0.225	0.9999949430804906
0.9	0.225	0.9999949430804906
0.1	0.2375	0.9999963312001702
0.9	0.2375	0.9999963312001702
0.1	0.25	1.0000057054595222
0.9	0.25	1.0000057054595222
0.1	0.2625	0.9999910769215283
0.9	0.2625	0.999991076921526
0.1	0.275	0.9999947374023577
0.9	0.275	0.9999947374023577
0.1	0.2875	0.9999947765501727
0.9	0.2875	0.9999947765501727
0.1	0.3	1.0000108671676033
0.9	0.3	1.0000108671676033
0.1	0.3125	0.9999981433917726
0.9	0.3125	0.9999981433917726
0.1	0.325	0.9999948522444297
0.9	0.325	0.9999948522444297
0.1	0.3375	1.0000117119810192
0.9	0.3375	1.0000117119810192
0.1	0.35	1.0000027042149295
0.9	0.35	1.0000027042149295
0.1	0.3625	1.000002127680953
0.9	0.3625	1.000002127680953
0.1	0.375	0.9999859692523478
0.9	0.375	0.9999859692523478
0.1	0.3875	0.9999872785103933
0.9	0.3875	0.9999872785103933
0.1	0.4	1.0000587346860204
0.9	0.4	1.000058734686034
0.1	0.4125	0.9999715360465371
0.9	0.4125	0.9999715360465371
0.1	0.425	0.9999774415729705
0.9	0.425	0.9999774415729945
0.1	0.4375	0.9998682341781998
0.9	0.4375	0.9998682341781998
0.1	0.45	0.9998046272352101
0.9	0.45	0.9998046272352642
0.1	0.4625	0.999615793339628
0.9	0.4625	0.999615793339628
0.1	0.475	0.999829292535918
0.9	0.475	0.999829292535918
0.1	0.4875	0.9999573307846313
0.9	0.4875	0.9999573307846313
0.1	0.5	Indeterminate
0.9	0.5	Indeterminate
0.1	0.5125	0.9999573307837641
0.9	0.5125	0.9999573307846313
0.1	0.525	0.999829292535918
0.9	0.525	0.999829292535918
0.1	0.5375	0.999615793339628
0.9	0.5375	0.999615793339628
0.1	0.55	0.9998046272352642
0.9	0.55	0.9998046272352642
0.1	0.5625	0.9998682341781998
0.9	0.5625	0.9998682341781998
0.1	0.575	0.9999774415729705
0.9	0.575	0.9999774415729945
0.1	0.5875	0.9999715360465371
0.9	0.5875	0.9999715360465371
0.1	0.6	1.0000587346860204
0.9	0.6	1.000058734686034
0.1	0.6125	0.9999872785103933
0.9	0.6125	0.9999872785103933
0.1	0.625	0.9999859692523478
0.9	0.625	0.9999859692523478
0.1	0.6375	1.000002127680953
0.9	0.6375	1.000002127680953
0.1	0.65	1.0000027042149295
0.9	0.65	1.0000027042149295
0.1	0.6625	1.0000117119810192
0.9	0.6625	1.0000117119810192
0.1	0.675	0.9999948522444297
0.9	0.675	0.9999948522444297
0.1	0.6875	0.9999981433917726
0.9	0.6875	0.9999981433917726
0.1	0.7	1.0000108671676
0.9	0.7	1.0000108671676033
0.1	0.7125	0.9999947765501727
0.9	0.7125	0.9999947765501727
0.1	0.725	0.9999947374023577
0.9	0.725	0.9999947374023577
0.1	0.7375	0.999991076921526
0.9	0.7375	0.999991076921526
0.1	0.75	1.0000057054595222
0.9	0.75	1.0000057054595222
0.1	0.7625	0.9999963312001702
0.9	0.7625	0.9999963312001702
0.1	0.775	0.9999949430804906
0.9	0.775	0.9999949430804906
0.1	0.7875	1.0000049513428908
0.9	0.7875	1.0000049513428908
0.1	0.8	0.9999984664677137
0.9	0.8	0.9999984664677137
0.1	0.8125	1.0000014765519925
0.9	0.8125	1.0000014765519913
0.1	0.825	0.9999951781869905
0.9	0.825	0.9999951781869905
0.1	0.8375	1.0000043049926872
0.9	0.8375	1.000004304992685
0.1	0.85	1.0000047244483448
0.9	0.85	1.0000047244483448
0.1	0.8625	1.0000022471236156
0.9	0.8625	1.0000022471236156
0.1	0.875	0.9999978064122986
0.9	0.875	0.9999978064122986
0.1	0.8875	0.9999964302899372
0.9	0.8875	0.9999964302899372
0.1	0.9	0.9999983349767615
0.9	0.9	0.9999983349767615
0.1	0.9125	1.000000010311515
0.9	0.9125	1.000000010311515
0.1	0.925	1.000001422925089
0.9	0.925	1.000001422925089
0.1	0.9375	0.999998681847965
0.9	0.9375	0.999998681847965
0.1	0.95	1.0000017750152792
0.9	0.95	1.0000017750152792
0.1	0.9625	0.9999982256056489
0.9	0.9625	0.9999982256056489
0.1	0.975	0.9999990561323892
0.9	0.975	0.9999990561323897
0.1	0.9875	0.9999987285331852
0.9	0.9875	0.999998728533185
0.1	1.	1.000001381037419
0.9	1.	1.0000013810374186
0.15	0.0125	1.7637788660134064
0.85	0.0125	1.7637788660134064
0.15	0.025	1.5724487869968382
0.85	0.025	1.5724487869968382
0.15	0.0375	1.438162114278218
0.85	0.0375	1.438162114278218
0.15	0.05	1.3287808297554222
0.85	0.05	1.3287808297554222
0.15	0.0625	1.2606858381344705
0.85	0.0625	1.2606858381344705
0.15	0.075	1.1993044778808857
0.85	0.075	1.1993044778808857
0.15	0.0875	1.1437418312342864
0.85	0.0875	1.1437418312342864
0.15	0.1	1.093236492691048
0.85	0.1	1.093236492691048
0.15	0.1125	1.0471619410890125
0.85	0.1125	1.0471619410890125
0.15	0.125	1.0050226927812418
0.85	0.125	1.0050226927812418
0.15	0.1375	0.9999928827598419
0.85	0.1375	0.9999928827598419
0.15	0.15	1.0000014232245678
0.85	0.15	1.0000014232245678
0.15	0.1625	0.9999919513072506
0.85	0.1625	0.9999919513072506
0.15	0.175	0.9999906053015641
0.85	0.175	0.9999906053015641
0.15	0.1875	1.0000098273851992
0.85	0.1875	1.0000098273851992
0.15	0.2	0.9999959369714645
0.85	0.2	0.9999959369714645
0.15	0.2125	0.9999977259138876
0.85	0.2125	0.9999977259138876
0.15	0.225	0.999999650867585
0.85	0.225	0.999999650867585
0.15	0.2375	1.000007318769215
0.85	0.2375	1.000007318769215
0.15	0.25	0.999993407072567
0.85	0.25	0.999993407072567
0.15	0.2625	0.9999891994192476
0.85	0.2625	0.9999891994192476
0.15	0.275	0.9999978323864926
0.85	0.275	0.9999978323864926
0.15	0.2875	1.000020717794737
0.85	0.2875	1.000020717794737
0.15	0.3	1.0000045484543343
0.85	0.3	1.0000045484543343
0.15	0.3125	0.9999800335282416
0.85	0.3125	0.9999800335282416
0.15	0.325	0.999994804627267
0.85	0.325	0.999994804627267
0.15	0.3375	0.9999663148469388
0.85	0.3375	0.9999663148469388
0.15	0.35	1.0000228060569838
0.85	0.35	1.0000228060569838
0.15	0.3625	0.999949758789376
0.85	0.3625	0.999949758789376
0.15	0.375	0.9999994438973118
0.85	0.375	0.9999994438973118
0.15	0.3875	1.000015824002841
0.85	0.3875	1.000015824002841
0.15	0.4	1.0000590300439143
0.85	0.4	1.0000590300439143
0.15	0.4125	0.9999863675182299
0.85	0.4125	0.9999863675182299
0.15	0.425	1.0001618989710204
0.85	0.425	1.0001618989710204
0.15	0.4375	1.0000235139667961
0.85	0.4375	1.0000235139667961
0.15	0.45	1.0000159352631783
0.85	0.45	1.0000159352631783
0.15	0.4625	0.9993584359229144
0.85	0.4625	0.9993584359229144
0.15	0.475	0.9994834928625682
0.85	0.475	0.9994834928625682
0.15	0.4875	0.9995585059985257
0.85	0.4875	0.9995585059985257
0.15	0.5	Indeterminate
0.85	0.5	Indeterminate
0.15	0.5125	0.9995585059985257
0.85	0.5125	0.9995585059985257
0.15	0.525	0.9994834928625682
0.85	0.525	0.9994834928625682
0.15	0.5375	0.9993584359229144
0.85	0.5375	0.9993584359229144
0.15	0.55	1.0000159352631783
0.85	0.55	1.0000159352631783
0.15	0.5625	1.0000235139667961
0.85	0.5625	1.0000235139667961
0.15	0.575	1.0001618989710204
0.85	0.575	1.0001618989710204
0.15	0.5875	0.9999863675182299
0.85	0.5875	0.9999863675182299
0.15	0.6	1.0000590300439143
0.85	0.6	1.0000590300439143
0.15	0.6125	1.000015824002841
0.85	0.6125	1.000015824002841
0.15	0.625	0.9999994438973118
0.85	0.625	0.9999994438973118
0.15	0.6375	0.999949758789376
0.85	0.6375	0.999949758789376
0.15	0.65	1.0000228060569838
0.85	0.65	1.0000228060569838
0.15	0.6625	0.9999663148469388
0.85	0.6625	0.9999663148469388
0.15	0.675	0.999994804627267
0.85	0.675	0.999994804627267
0.15	0.6875	0.9999800335282416
0.85	0.6875	0.9999800335282416
0.15	0.7	1.0000045484543285
0.85	0.7	1.0000045484543285
0.15	0.7125	1.000020717794737
0.85	0.7125	1.000020717794737
0.15	0.725	0.9999978323864926
0.85	0.725	0.9999978323864926
0.15	0.7375	0.9999891994192476
0.85	0.7375	0.9999891994192476
0.15	0.75	0.999993407072567
0.85	0.75	0.999993407072567
0.15	0.7625	1.000007318769215
0.85	0.7625	1.000007318769215
0.15	0.775	0.999999650867585
0.85	0.775	0.999999650867585
0.15	0.7875	0.9999977259138876
0.85	0.7875	0.9999977259138876
0.15	0.8	0.9999959369714645
0.85	0.8	0.9999959369714645
0.15	0.8125	1.0000098273851992
0.85	0.8125	1.0000098273851992
0.15	0.825	0.9999906053015641
0.85	0.825	0.9999906053015641
0.15	0.8375	0.9999919513072467
0.85	0.8375	0.9999919513072467
0.15	0.85	1.0000014232245678
0.85	0.85	1.0000014232245678
0.15	0.8625	0.9999928827598419
0.85	0.8625	0.9999928827598419
0.15	0.875	1.000003654234309
0.85	0.875	1.000003654234309
0.15	0.8875	1.0000062512295531
0.85	0.8875	1.0000062512295531
0.15	0.9	1.0000039730805044
0.85	0.9	1.0000039730805044
0.15	0.9125	0.9999981863115353
0.85	0.9125	0.9999981863115353
0.15	0.925	0.9999999560301964
0.85	0.925	0.9999999560301964
0.15	0.9375	0.9999955435739445
0.85	0.9375	0.9999955435739445
0.15	0.95	1.0000028392466516
0.85	0.95	1.0000028392466516
0.15	0.9625	0.9999970955979858
0.85	0.9625	0.9999970955979858
0.15	0.975	1.0000019687434571
0.85	0.975	1.0000019687434571
0.15	0.9875	1.0000013893656343
0.85	0.9875	1.0000013893656343
0.15	1.	0.9999972222753021
0.85	1.	0.9999972222753021
0.2	0.0125	2.222186350071793
0.8	0.0125	2.222186350071793
0.2	0.025	1.9137219855664147
0.8	0.025	1.9137219855664147
0.2	0.0375	1.7032231511900882
0.8	0.0375	1.7032231511900882
0.2	0.05	1.5585097228548603
0.8	0.05	1.5585097228548603
0.2	0.0625	1.4364328945366363
0.8	0.0625	1.4364328945366363
0.2	0.075	1.3321222379460655
0.8	0.075	1.3321222379460655
0.2	0.0875	1.2653615809758993
0.8	0.0875	1.265361580975896
0.2	0.1	1.2047244337891156
0.8	0.1	1.2047244337891156
0.2	0.1125	1.1492616208561113
0.8	0.1125	1.1492616208561113
0.2	0.125	1.0984571493164954
0.8	0.125	1.0984571493164954
0.2	0.1375	1.051797779156341
0.8	0.1375	1.051797779156341
0.2	0.15	1.008882411125959
0.8	0.15	1.008882411125959
0.2	0.1625	0.9999948421617934
0.8	0.1625	0.9999948421617934
0.2	0.175	0.9999822612483336
0.8	0.175	0.9999822612483374
0.2	0.1875	1.0000187925345527
0.8	0.1875	1.0000187925345527
0.2	0.2	1.0000054858847613
0.8	0.2	1.000005485884766
0.2	0.2125	0.9999913194247237
0.8	0.2125	0.999991319424734
0.2	0.225	0.9999933510022051
0.8	0.225	0.9999933510022164
0.2	0.2375	0.9999787657930278
0.8	0.2375	0.9999787657930278
0.2	0.25	1.000022480400091
0.8	0.25	1.000022480400091
0.2	0.2625	1.0000272444701208
0.8	0.2625	1.0000272444701208
0.2	0.275	0.9999994873944584
0.8	0.275	0.9999994873944669
0.2	0.2875	1.0000341992700839
0.8	0.2875	1.0000341992700839
0.2	0.3	0.9999872785103933
0.8	0.3	0.9999872785103933
0.2	0.3125	0.9999580988073332
0.8	0.3125	0.9999580988073452
0.2	0.325	0.9999826014803798
0.8	0.325	0.9999826014803798
0.2	0.3375	0.9999705745306281
0.8	0.3375	0.9999705745306281
0.2	0.35	0.9999331489581336
0.8	0.35	0.9999331489581527
0.2	0.3625	1.0000944242320278
0.8	0.3625	1.0000944242320502
0.2	0.375	0.9998803368958771
0.8	0.375	0.9998803368958771
0.2	0.3875	0.9999705628966227
0.8	0.3875	0.9999705628966227
0.2	0.4	0.9999058898364956
0.8	0.4	0.9999058898365385
0.2	0.4125	1.0000932436838856
0.8	0.4125	1.0000932436839416
0.2	0.425	1.0001992063712128
0.8	0.425	1.0001992063712888
0.2	0.4375	1.0001560007954828
0.8	0.4375	1.0001560007955923
0.2	0.45	0.9997839346420624
0.8	0.45	0.9997839346420624
0.2	0.4625	1.0012500547430547
0.8	0.4625	1.0012500547433596
0.2	0.475	0.9999459959167939
0.8	0.475	0.9999459959167939
0.2	0.4875	1.0123320120867294
0.8	0.4875	1.0123320120867294
0.2	0.5	0.
0.8	0.5	Indeterminate
0.2	0.5125	1.0123320120867294
0.8	0.5125	1.0123320120867294
0.2	0.525	0.9999459959167939
0.8	0.525	0.9999459959167939
0.2	0.5375	1.0012500547430547
0.8	0.5375	1.0012500547433596
0.2	0.55	0.9997839346420624
0.8	0.55	0.9997839346420624
0.2	0.5625	1.0001560007954828
0.8	0.5625	1.0001560007955923
0.2	0.575	1.0001992063712128
0.8	0.575	1.0001992063712888
0.2	0.5875	1.0000932436838856
0.8	0.5875	1.0000932436839416
0.2	0.6	0.9999058898364956
0.8	0.6	0.9999058898365385
0.2	0.6125	0.9999705628966227
0.8	0.6125	0.9999705628966227
0.2	0.625	0.9998803368958771
0.8	0.625	0.9998803368958771
0.2	0.6375	1.0000944242320278
0.8	0.6375	1.0000944242320278
0.2	0.65	0.9999331489581336
0.8	0.65	0.9999331489581527
0.2	0.6625	0.9999705745306281
0.8	0.6625	0.9999705745306281
0.2	0.675	0.9999826014803798
0.8	0.675	0.9999826014803938
0.2	0.6875	0.9999580988073332
0.8	0.6875	0.9999580988073452
0.2	0.7	0.9999872785103933
0.8	0.7	0.9999872785103933
0.2	0.7125	1.0000341992700839
0.8	0.7125	1.0000341992700839
0.2	0.725	0.9999994873944584
0.8	0.725	0.9999994873944669
0.2	0.7375	1.0000272444701208
0.8	0.7375	1.0000272444701208
0.2	0.75	1.000022480400091
0.8	0.75	1.000022480400091
0.2	0.7625	0.9999787657930278
0.8	0.7625	0.9999787657930278
0.2	0.775	0.9999933510022108
0.8	0.775	0.9999933510022164
0.2	0.7875	0.9999913194247237
0.8	0.7875	0.999991319424734
0.2	0.8	1.000005485884766
0.8	0.8	1.000005485884766
0.2	0.8125	1.0000187925345527
0.8	0.8125	1.0000187925345527
0.2	0.825	0.9999822612483336
0.8	0.825	0.9999822612483336
0.2	0.8375	0.9999948421617934
0.8	0.8375	0.9999948421617971
0.2	0.85	1.0000030495309096
0.8	0.85	1.0000030495309096
0.2	0.8625	0.9999958026148279
0.8	0.8625	0.9999958026148279
0.2	0.875	0.9999916021873355
0.8	0.875	0.9999916021873355
0.2	0.8875	1.0000039014716129
0.8	0.8875	1.0000039014716129
0.2	0.9	0.999994737402355
0.8	0.9	0.999994737402355
0.2	0.9125	1.0000016857226184
0.8	0.9125	1.0000016857226184
0.2	0.925	0.9999902130794106
0.8	0.925	0.9999902130794106
0.2	0.9375	0.9999925356735191
0.8	0.9375	0.9999925356735191
0.2	0.95	0.9999960282050436
0.8	0.95	0.9999960282050436
0.2	0.9625	1.0000079580619705
0.8	0.9625	1.0000079580619705
0.2	0.975	1.000000125879905
0.8	0.975	1.000000125879905
0.2	0.9875	0.9999973641387951
0.8	0.9875	0.9999973641387951
0.2	1.	1.0000041795714838
0.8	1.	1.0000041795714838
0.25	0.0125	2.83397101083879
0.75	0.0125	2.83397101083879
0.25	0.025	2.3725845307420252
0.75	0.025	2.3725845307420252
0.25	0.0375	2.0534921327308395
0.75	0.0375	2.0534921327308395
0.25	0.05	1.8247180082650376
0.75	0.05	1.8247180082650376
0.25	0.0625	1.6569415153355187
0.75	0.0625	1.6569415153355187
0.25	0.075	1.5252385938586144
0.75	0.075	1.5252385938586144
0.25	0.0875	1.4117100165946042
0.75	0.0875	1.4117100165946042
0.25	0.1	1.3130531750999526
0.75	0.1	1.3130531750999526
0.25	0.1125	1.2467200975025834
0.75	0.1125	1.2467200975025834
0.25	0.125	1.1876082841729836
0.75	0.125	1.1876082841729836
0.25	0.1375	1.1332621527440774
0.75	0.1375	1.1332621527440774
0.25	0.15	1.083251021591944
0.75	0.15	1.083251021591944
0.25	0.1625	1.0372107548384966
0.75	0.1625	1.0372107548384966
0.25	0.175	1.0000109267205433
0.75	0.175	1.0000109267205433
0.25	0.1875	0.9999842302158922
0.75	0.1875	0.9999842302158922
0.25	0.2	1.0000379161491817
0.75	0.2	1.0000379161491817
0.25	0.2125	1.0000084595115186
0.75	0.2125	1.0000084595115186
0.25	0.225	0.9999852617225536
0.75	0.225	0.9999852617225536
0.25	0.2375	0.9999788405090934
0.75	0.2375	0.9999788405090934
0.25	0.25	1.0000034107754419
0.75	0.25	1.0000034107754419
0.25	0.2625	0.999936807980223
0.75	0.2625	0.999936807980223
0.25	0.275	1.0000723125915767
0.75	0.275	1.0000723125915767
0.25	0.2875	0.9999646796793488
0.75	0.2875	0.9999646796793488
0.25	0.3	0.9999267532974094
0.75	0.3	0.9999267532974094
0.25	0.3125	1.0000019791183103
0.75	0.3125	1.0000019791183103
0.25	0.325	0.9999935120426707
0.75	0.325	0.9999935120426707
0.25	0.3375	0.9998721129017613
0.75	0.3375	0.9998721129017613
0.25	0.35	0.9999493207542108
0.75	0.35	0.9999493207542108
0.25	0.3625	0.9999380680487646
0.75	0.3625	0.9999380680487646
0.25	0.375	0.9997960719203705
0.75	0.375	0.9997960719203705
0.25	0.3875	1.0000842888705312
0.75	0.3875	1.0000842888705312
0.25	0.4	1.0003827564661523
0.75	0.4	1.0003827564661523
0.25	0.4125	0.9996482043414145
0.75	0.4125	0.9996482043414145
0.25	0.425	0.9995878119479077
0.75	0.425	0.9995878119479077
0.25	0.4375	0.9992612962505539
0.75	0.4375	0.9992612962505539
0.25	0.45	1.0014956514468236
0.75	0.45	1.0014956514468236
0.25	0.4625	1.0011857729647764
0.75	0.4625	1.0011857729647764
0.25	0.475	0.9983739990532299
0.75	0.475	0.9983739990532299
0.25	0.4875	1.023993333270638
0.75	0.4875	1.023993333270638
0.25	0.5	Indeterminate
0.75	0.5	Indeterminate
0.25	0.5125	1.023993333270638
0.75	0.5125	1.023993333270638
0.25	0.525	0.9983739990532299
0.75	0.525	0.9983739990532299
0.25	0.5375	1.0011857729647764
0.75	0.5375	1.0011857729647764
0.25	0.55	1.0014956514468236
0.75	0.55	1.0014956514468236
0.25	0.5625	0.9992612962505539
0.75	0.5625	0.9992612962505539
0.25	0.575	0.9995878119479077
0.75	0.575	0.9995878119479077
0.25	0.5875	0.9996482043414145
0.75	0.5875	0.9996482043414145
0.25	0.6	1.0003827564661523
0.75	0.6	1.0003827564661523
0.25	0.6125	1.0000842888705312
0.75	0.6125	1.0000842888705312
0.25	0.625	0.9997960719203705
0.75	0.625	0.9997960719203705
0.25	0.6375	0.9999380680487646
0.75	0.6375	0.9999380680487646
0.25	0.65	0.9999493207542108
0.75	0.65	0.9999493207542108
0.25	0.6625	0.9998721129017613
0.75	0.6625	0.9998721129017613
0.25	0.675	0.9999935120426707
0.75	0.675	0.9999935120426707
0.25	0.6875	1.0000019791183103
0.75	0.6875	1.0000019791183103
0.25	0.7	0.9999267532974094
0.75	0.7	0.9999267532974094
0.25	0.7125	0.9999646796793488
0.75	0.7125	0.9999646796793488
0.25	0.725	1.0000723125915767
0.75	0.725	1.0000723125915767
0.25	0.7375	0.999936807980223
0.75	0.7375	0.999936807980223
0.25	0.75	1.0000034107754419
0.75	0.75	1.0000034107754419
0.25	0.7625	0.9999788405090934
0.75	0.7625	0.9999788405090934
0.25	0.775	0.9999852617225536
0.75	0.775	0.9999852617225536
0.25	0.7875	1.0000084595115186
0.75	0.7875	1.0000084595115186
0.25	0.8	1.0000379161491817
0.75	0.8	1.0000379161491817
0.25	0.8125	0.9999842302158922
0.75	0.8125	0.9999842302158922
0.25	0.825	1.0000109267205433
0.75	0.825	1.0000109267205433
0.25	0.8375	1.0000252220145813
0.75	0.8375	1.0000252220145813
0.25	0.85	1.000023974350339
0.75	0.85	1.000023974350339
0.25	0.8625	1.000004860395017
0.75	0.8625	1.000004860395017
0.25	0.875	1.000022728049089
0.75	0.875	1.000022728049089
0.25	0.8875	1.000012566211996
0.75	0.8875	1.000012566211996
0.25	0.9	1.000024158773503
0.75	0.9	1.000024158773503
0.25	0.9125	1.0000021057932813
0.75	0.9125	1.0000021057932813
0.25	0.925	0.9999914483408932
0.75	0.925	0.9999914483408932
0.25	0.9375	0.9999857216106868
0.75	0.9375	0.9999857216106868
0.25	0.95	1.0000187925345527
0.75	0.95	1.0000187925345527
0.25	0.9625	1.0000058607277693
0.75	0.9625	1.0000058607277693
0.25	0.975	0.9999847823847423
0.75	0.975	0.9999847823847423
0.25	0.9875	0.9999859141052222
0.75	0.9875	0.9999859141052222
0.25	1.	1.0000018236493757
0.75	1.	1.0000018236493757
0.3	0.0125	3.587131547424924
0.7	0.0125	3.587131547424924
0.3	0.025	2.958290792700094
0.7	0.025	2.958290792700094
0.3	0.0375	2.5019248464487736
0.7	0.0375	2.5019248464487736
0.3	0.05	2.1602954701845056
0.7	0.05	2.1602954701845056
0.3	0.0625	1.9211235849595698
0.7	0.0625	1.9211235849595698
0.3	0.075	1.7252862386001684
0.7	0.075	1.7252862386001684
0.3	0.0875	1.5856979062196233
0.7	0.0875	1.5856979062196033
0.3	0.1	1.4656977681825745
0.7	0.1	1.4656977681825545
0.3	0.1125	1.3608250591118853
0.7	0.1125	1.3608250591118853
0.3	0.125	1.2687428969750467
0.7	0.125	1.2687428969750467
0.3	0.1375	1.2072955952024698
0.7	0.1375	1.2072955952024698
0.3	0.15	1.1508025648726496
0.7	0.15	1.1508025648726294
0.3	0.1625	1.0986771891684648
0.7	0.1625	1.0986771891684648
0.3	0.175	1.050612646914227
0.7	0.175	1.050612646914227
0.3	0.1875	1.0061163957399453
0.7	0.1875	1.0061163957399453
0.3	0.2	0.9999774415729945
0.7	0.2	0.9999774415729705
0.3	0.2125	1.000002301728195
0.7	0.2125	1.000002301728195
0.3	0.225	0.9999966453553152
0.7	0.225	0.9999966453553152
0.3	0.2375	0.9999545087532542
0.7	0.2375	0.9999545087532542
0.3	0.25	0.9998682341782344
0.7	0.25	0.9998682341781998
0.3	0.2625	1.0000738122234842
0.7	0.2625	1.0000738122234842
0.3	0.275	0.9999058898365385
0.7	0.275	0.9999058898365385
0.3	0.2875	1.000092884554453
0.7	0.2875	1.000092884554453
0.3	0.3	0.9998046272352642
0.7	0.3	0.9998046272352642
0.3	0.3125	0.9999547170944882
0.7	0.3125	0.9999547170944882
0.3	0.325	1.0001143718451784
0.7	0.325	1.0001143718451784
0.3	0.3375	1.000288360060433
0.7	0.3375	1.000288360060433
0.3	0.35	0.999615793339628
0.7	0.35	0.999615793339628
0.3	0.3625	0.9996771874423839
0.7	0.3625	0.9996771874423839
0.3	0.375	0.9997332337034667
0.7	0.375	0.9997332337034667
0.3	0.3875	0.9997839346420624
0.7	0.3875	0.9997839346420624
0.3	0.4	0.999829292535918
0.7	0.4	0.999829292535918
0.3	0.4125	0.999869309421428
0.7	0.4125	0.999869309421428
0.3	0.425	0.9999039870940836
0.7	0.425	0.9999039870940836
0.3	0.4375	0.9999333271103611
0.7	0.4375	0.9999333271103611
0.3	0.45	0.9999573307846313
0.7	0.45	0.9999573307837641
0.3	0.4625	0.999975999193923
0.7	0.4625	0.999975999193923
0.3	0.475	0.9999893331766978
0.7	0.475	0.9999893331766978
0.3	0.4875	0.9999973333197948
0.7	0.4875	0.9999973333197948
0.3	0.5	Indeterminate
0.7	0.5	Indeterminate
0.3	0.5125	0.9999973333197948
0.7	0.5125	0.9999973333197948
0.3	0.525	0.9999893331766978
0.7	0.525	0.9999893331766978
0.3	0.5375	0.999975999193923
0.7	0.5375	0.999975999193923
0.3	0.55	0.9999573307846313
0.7	0.55	0.9999573307846313
0.3	0.5625	0.9999333271103611
0.7	0.5625	0.9999333271103611
0.3	0.575	0.9999039870940836
0.7	0.575	0.9999039870940836
0.3	0.5875	0.999869309421428
0.7	0.5875	0.999869309421428
0.3	0.6	0.999829292535918
0.7	0.6	0.999829292535918
0.3	0.6125	0.9997839346420624
0.7	0.6125	0.9997839346420624
0.3	0.625	0.9997332337034667
0.7	0.625	0.9997332337034667
0.3	0.6375	0.9996771874423839
0.7	0.6375	0.9996771874423839
0.3	0.65	0.999615793339628
0.7	0.65	0.999615793339628
0.3	0.6625	1.000288360060433
0.7	0.6625	1.000288360060433
0.3	0.675	1.0001143718452492
0.7	0.675	1.0001143718452492
0.3	0.6875	0.9999547170944882
0.7	0.6875	0.9999547170944882
0.3	0.7	0.9998046272352642
0.7	0.7	0.9998046272352642
0.3	0.7125	1.000092884554453
0.7	0.7125	1.000092884554453
0.3	0.725	0.9999058898365385
0.7	0.725	0.9999058898365385
0.3	0.7375	1.0000738122234842
0.7	0.7375	1.0000738122234842
0.3	0.75	0.9998682341782344
0.7	0.75	0.9998682341781998
0.3	0.7625	0.9999545087532542
0.7	0.7625	0.9999545087532542
0.3	0.775	0.9999966453553438
0.7	0.775	0.9999966453553152
0.3	0.7875	1.000002301728195
0.7	0.7875	1.000002301728195
0.3	0.8	0.9999774415729945
0.7	0.8	0.9999774415729945
0.3	0.8125	0.9999267532974094
0.7	0.8125	0.9999267532974094
0.3	0.825	1.0000385314443574
0.7	0.825	1.0000385314443574
0.3	0.8375	0.9999331489581527
0.7	0.8375	0.9999331489581527
0.3	0.85	0.9999715360465371
0.7	0.85	0.9999715360465194
0.3	0.8625	0.9999747203599376
0.7	0.8625	0.9999747203599376
0.3	0.875	0.9999473067018579
0.7	0.875	0.9999473067018579
0.3	0.8875	1.000022838748633
0.7	0.8875	1.000022838748633
0.3	0.9	1.000058734686034
0.7	0.9	1.0000587346860204
0.3	0.9125	0.999945334293818
0.7	0.9125	0.9999453342938054
0.3	0.925	1.0000300178377861
0.7	0.925	1.0000300178377861
0.3	0.9375	0.9999728459591557
0.7	0.9375	0.9999728459591557
0.3	0.95	0.9999872785103933
0.7	0.95	0.9999872785103933
0.3	0.9625	0.9999693808510262
0.7	0.9625	0.9999693808510262
0.3	0.975	1.0000086956872551
0.7	0.975	1.0000086956872551
0.3	0.9875	1.00001307975535
0.7	0.9875	1.00001307975535
0.3	1.	0.9999859692523478
0.7	1.	0.9999859692523478
0.35	0.0125	4.446447685144418
0.65	0.0125	4.446447685144418
0.35	0.025	3.6228088333619852
0.65	0.025	3.6228088333619852
0.35	0.0375	3.022516003923537
0.65	0.0375	3.022516003923537
0.35	0.05	2.571787872784763
0.65	0.05	2.571787872784763
0.35	0.0625	2.224553143757313
0.65	0.0625	2.224553143757313
0.35	0.075	1.969965186095262
0.65	0.075	1.969965186095262
0.35	0.0875	1.7687121303466782
0.65	0.0875	1.7687121303466782
0.35	0.1	1.6104883607313254
0.65	0.1	1.6104883607313254
0.35	0.1125	1.487364486782028
0.65	0.1125	1.487364486782028
0.35	0.125	1.3799104355749303
0.65	0.125	1.3799104355749303
0.35	0.1375	1.284329528441907
0.65	0.1375	1.284329528441907
0.35	0.15	1.208068324067427
0.65	0.15	1.208068324067427
0.35	0.1625	1.1508770266207387
0.65	0.1625	1.1508770266207387
0.35	0.175	1.0980652128684503
0.65	0.175	1.0980652128684503
0.35	0.1875	1.04936197335057
0.65	0.1875	1.04936197335057
0.35	0.2	1.004312431346085
0.65	0.2	1.004312431346085
0.35	0.2125	1.000276524663622
0.65	0.2125	1.000276524663622
0.35	0.225	1.000305312256686
0.65	0.225	1.000305312256686
0.35	0.2375	1.0002713514553245
0.65	0.2375	1.0002713514553245
0.35	0.25	1.0001560007955923
0.65	0.25	1.0001560007955923
0.35	0.2625	0.9999345932008831
0.65	0.2625	0.9999345932008831
0.35	0.275	0.9995741461848773
0.65	0.275	0.9995741461848773
0.35	0.2875	1.0003966958335777
0.65	0.2875	1.0003966958335777
0.35	0.3	0.9997839346420624
0.65	0.3	0.9997839346420624
0.35	0.3125	1.00063299474233
0.65	0.3125	1.00063299474233
0.35	0.325	0.9995826757373657
0.65	0.325	0.9995826757373657
0.35	0.3375	1.0003686643270522
0.65	0.3375	1.0003686643270522
0.35	0.35	1.0012500547433596
0.65	0.35	1.0012500547433596
0.35	0.3625	0.9989797117715603
0.65	0.3625	0.9989797117715603
0.35	0.375	0.9994218295420851
0.65	0.375	0.9994218295420851
0.35	0.3875	0.9997792443370338
0.65	0.3875	0.9997792443370338
0.35	0.4	0.9999459959167939
0.65	0.4	0.9999459959167939
0.35	0.4125	0.9997067116413593
0.65	0.4125	0.9997067116413593
0.35	0.425	0.9985979232638892
0.65	0.425	0.9985979232638892
0.35	0.4375	0.9955345549361344
0.65	0.4375	0.9955345549361344
0.35	0.45	1.0123320120867294
0.65	0.45	1.0123320120867294
0.35	0.4625	1.0095945280439176
0.65	0.4625	1.0095945280439176
0.35	0.475	0.9876509876454233
0.65	0.475	0.9876509876454233
0.35	0.4875	1.1851841851662013
0.65	0.4875	1.1851841851662013
0.35	0.5	Indeterminate
0.65	0.5	Indeterminate
0.35	0.5125	1.1851841851662013
0.65	0.5125	1.1851841851662013
0.35	0.525	0.9876509876454233
0.65	0.525	0.9876509876454233
0.35	0.5375	1.0095945280439176
0.65	0.5375	1.0095945280439176
0.35	0.55	1.0123320120867294
0.65	0.55	1.0123320120867294
0.35	0.5625	0.9955345549361344
0.65	0.5625	0.9955345549361344
0.35	0.575	0.9985979232638892
0.65	0.575	0.9985979232638892
0.35	0.5875	0.9997067116413593
0.65	0.5875	0.9997067116413593
0.35	0.6	0.9999459959167939
0.65	0.6	0.9999459959167939
0.35	0.6125	0.9997792443370338
0.65	0.6125	0.9997792443370338
0.35	0.625	0.9994218295420851
0.65	0.625	0.9994218295420851
0.35	0.6375	0.9989797117715603
0.65	0.6375	0.9989797117715603
0.35	0.65	1.0012500547433596
0.65	0.65	1.0012500547433596
0.35	0.6625	1.0003686643270522
0.65	0.6625	1.0003686643270522
0.35	0.675	0.9995826757373657
0.65	0.675	0.9995826757373657
0.35	0.6875	1.00063299474233
0.65	0.6875	1.00063299474233
0.35	0.7	0.9997839346420624
0.65	0.7	0.9997839346420624
0.35	0.7125	1.0003966958335777
0.65	0.7125	1.0003966958335777
0.35	0.725	0.9995741461848773
0.65	0.725	0.9995741461848773
0.35	0.7375	0.9999345932008831
0.65	0.7375	0.9999345932008831
0.35	0.75	1.0001560007955923
0.65	0.75	1.0001560007955923
0.35	0.7625	1.0002713514553245
0.65	0.7625	1.0002713514553245
0.35	0.775	1.000305312256686
0.65	0.775	1.000305312256686
0.35	0.7875	1.000276524663622
0.65	0.7875	1.000276524663622
0.35	0.8	1.0001992063712888
0.65	0.8	1.0001992063712888
0.35	0.8125	1.0000842888705312
0.65	0.8125	1.0000842888705312
0.35	0.825	0.9999402363992896
0.65	0.825	0.9999402363992896
0.35	0.8375	0.999773642890298
0.65	0.8375	0.999773642890298
0.35	0.85	1.0000932436839975
0.65	0.85	1.0000932436839975
0.35	0.8625	0.9998618039405196
0.65	0.8625	0.9998618039405196
0.35	0.875	1.0000622355724225
0.65	0.875	1.0000622355724225
0.35	0.8875	1.000202299175386
0.65	0.8875	1.000202299175386
0.35	0.9	0.9999058898365385
0.65	0.9	0.9999058898365385
0.35	0.9125	0.9999747474644437
0.65	0.9125	0.9999747474644437
0.35	0.925	1.0000048578982708
0.65	0.925	1.0000048578982708
0.35	0.9375	1.0000018766434033
0.65	0.9375	1.0000018766434033
0.35	0.95	0.9999705628966227
0.65	0.95	0.9999705628966227
0.35	0.9625	0.9999149358774316
0.65	0.9625	0.9999149358774316
0.35	0.975	1.000111655612073
0.65	0.975	1.000111655612073
0.35	0.9875	1.0000032568830133
0.65	0.9875	1.0000032568830133
0.35	1.	0.9998803368958771
0.65	1.	0.9998803368958771
0.4	0.0125	5.31752035282643
0.6	0.0125	5.31752035282643
0.4	0.025	4.291210419026822
0.6	0.025	4.291210419026822
0.4	0.0375	3.5404627424638213
0.6	0.0375	3.5404627424638213
0.4	0.05	2.979294410175652
0.6	0.05	2.979294410175652
0.4	0.0625	2.5496832660570647
0.6	0.0625	2.5496832660570647
0.4	0.075	2.2123763197741932
0.6	0.075	2.2123763197741932
0.4	0.0875	1.9555677747625066
0.6	0.0875	1.9555677747625066
0.4	0.1	1.7575124282857935
0.6	0.1	1.7575124282857935
0.4	0.1125	1.5939173461192053
0.6	0.1125	1.5939173461192053
0.4	0.125	1.4731122869041033
0.6	0.125	1.4731122869041033
0.4	0.1375	1.3648502462286223
0.6	0.1375	1.3648502462286223
0.4	0.15	1.2702421328874265
0.6	0.15	1.2702421328874265
0.4	0.1625	1.1905274623523783
0.6	0.1625	1.1905274623523783
0.4	0.175	1.1330084078643077
0.6	0.175	1.1330084078643077
0.4	0.1875	1.0814873168978476
0.6	0.1875	1.0814873168978476
0.4	0.2	1.0346228755348503
0.6	0.2	1.0346228755348503
0.4	0.2125	1.0018020149289861
0.6	0.2125	1.0018020149289861
0.4	0.225	0.999919324221497
0.6	0.225	0.999919324221497
0.4	0.2375	1.002193899447829
0.6	0.2375	1.002193899447829
0.4	0.25	0.9999333271103611
0.6	0.25	0.9999333271103611
0.4	0.2625	1.0027097446862527
0.6	0.2625	1.0027097446862527
0.4	0.275	0.9999459959167939
0.6	0.275	0.9999459959167939
0.4	0.2875	1.0034118710199245
0.6	0.2875	1.0034118710199245
0.4	0.3	0.9999573307846313
0.6	0.3	0.9999573307846313
0.4	0.3125	1.0044067758006163
0.6	0.3125	1.0044067758006163
0.4	0.325	0.9999673318389428
0.6	0.325	0.9999673318389428
0.4	0.3375	1.0058888253123137
0.6	0.3375	1.0058888253123137
0.4	0.35	0.999975999193923
0.6	0.35	0.999975999193923
0.4	0.3625	1.008244128903304
0.6	0.3625	1.008244128903304
0.4	0.375	0.9999833329437261
0.6	0.375	0.9999833329437261
0.4	0.3875	1.0123320120867294
0.6	0.3875	1.0123320120867294
0.4	0.4	0.9999893331766978
0.6	0.4	0.9999893331766978
0.4	0.4125	1.0203998298363648
0.6	0.4125	1.0203998298363648
0.4	0.425	0.9999939999487705
0.6	0.425	0.9999939999487705
0.4	0.4375	1.0399956666406025
0.6	0.4375	1.0399956666406025
0.4	0.45	0.9999973333197948
0.6	0.45	0.9999973333197948
0.4	0.4625	1.11110944444501
0.6	0.4625	1.11110944444501
0.4	0.475	0.9999993333382736
0.6	0.475	0.9999993333382736
0.4	0.4875	1.9999996670976812
0.6	0.4875	1.9999996670976812
0.4	0.5	Indeterminate
0.6	0.5	Indeterminate
0.4	0.5125	1.999999666653592
0.6	0.5125	1.999999666653592
0.4	0.525	0.9999993333382736
0.6	0.525	0.9999993333382736
0.4	0.5375	1.11110944444501
0.6	0.5375	1.11110944444501
0.4	0.55	0.9999973333197948
0.6	0.55	0.9999973333197948
0.4	0.5625	1.0399956666406025
0.6	0.5625	1.0399956666406025
0.4	0.575	0.9999939999487705
0.6	0.575	0.9999939999487705
0.4	0.5875	1.0203998298363648
0.6	0.5875	1.0203998298363648
0.4	0.6	0.9999893331766978
0.6	0.6	0.9999893331766978
0.4	0.6125	1.0123320120867294
0.6	0.6125	1.0123320120867294
0.4	0.625	0.9999833329437261
0.6	0.625	0.9999833329437261
0.4	0.6375	1.008244128903304
0.6	0.6375	1.008244128903304
0.4	0.65	0.999975999193923
0.6	0.65	0.999975999193923
0.4	0.6625	1.0058888253123137
0.6	0.6625	1.0058888253123137
0.4	0.675	0.9999673318389428
0.6	0.675	0.9999673318389428
0.4	0.6875	1.0044067758006163
0.6	0.6875	1.0044067758006163
0.4	0.7	0.9999573307846313
0.6	0.7	0.9999573307846313
0.4	0.7125	1.0034118710199245
0.6	0.7125	1.0034118710199245
0.4	0.725	0.9999459959167939
0.6	0.725	0.9999459959167939
0.4	0.7375	1.0027097446862527
0.6	0.7375	1.0027097446862527
0.4	0.75	0.9999333271103611
0.6	0.75	0.9999333271103611
0.4	0.7625	1.002193899447829
0.6	0.7625	1.002193899447829
0.4	0.775	0.999919324221497
0.6	0.775	0.999919324221497
0.4	0.7875	1.0018020149289861
0.6	0.7875	1.0018020149289861
0.4	0.8	0.9999039870940836
0.6	0.8	0.9999039870940836
0.4	0.8125	1.0014956514468236
0.6	0.8125	1.0014956514468236
0.4	0.825	0.9998873155564907
0.6	0.825	0.9998873155564907
0.4	0.8375	1.0012500547433596
0.6	0.8375	1.0012500547433596
0.4	0.85	0.999869309421428
0.6	0.85	0.999869309421428
0.4	0.8625	1.0010486997600174
0.6	0.8625	1.0010486997600174
0.4	0.875	0.999849968486948
0.6	0.875	0.999849968486948
0.4	0.8875	1.000880213424723
0.6	0.8875	1.000880213424723
0.4	0.9	0.999829292535918
0.6	0.9	0.999829292535918
0.4	0.9125	1.0007365607937546
0.6	0.9125	1.0007365607937546
0.4	0.925	0.9998072813365781
0.6	0.925	0.9998072813365781
0.4	0.9375	1.0006119347586306
0.6	0.9375	1.0006119347586306
0.4	0.95	0.9997839346420624
0.6	0.95	0.9997839346420624
0.4	0.9625	1.0005020538728207
0.6	0.9625	1.0005020538728207
0.4	0.975	0.999759252190179
0.6	0.975	0.999759252190179
0.4	0.9875	1.0004037054390391
0.6	0.9875	1.0004037054390391
0.4	1.	0.9997332337034667
0.6	1.	0.9997332337034667
0.45	0.0125	6.0169986816402625
0.55	0.0125	6.016998681654317
0.45	0.025	4.830952262542735
0.55	0.025	4.830952262542735
0.45	0.0375	3.95027237262876
0.55	0.0375	3.95027237262876
0.45	0.05	3.3085973077956528
0.55	0.05	3.3085973077956528
0.45	0.0625	2.7950663735070838
0.55	0.0625	2.7950663735151897
0.45	0.075	2.4082754977761507
0.55	0.075	2.4082754977835514
0.45	0.0875	2.115678478955733
0.55	0.0875	2.115678478962635
0.45	0.1	1.8749799996998033
0.55	0.1	1.8749799997063086
0.45	0.1125	1.6982140091220002
0.55	0.1125	1.6982140091282782
0.45	0.125	1.5288745553622611
0.55	0.125	1.5288745553622611
0.45	0.1375	1.4078354667537287
0.55	0.1375	1.4078354667537287
0.45	0.15	1.3061117821905468
0.55	0.15	1.3061117821905468
0.45	0.1625	1.2290715993458332
0.55	0.1625	1.2290715993578125
0.45	0.175	1.1360866744764455
0.55	0.175	1.1360866744764455
0.45	0.1875	1.1263926665977015
0.55	0.1875	1.1263926665977015
0.45	0.2	1.0555492221681466
0.55	0.2	1.0555492221681466
0.45	0.2125	1.0283497208082564
0.55	0.2125	1.0283497208151626
0.45	0.225	0.9917305371484146
0.55	0.225	0.9917305371629738
0.45	0.2375	1.0158683491764056
0.55	0.2375	1.0158683491764056
0.45	0.25	1.0399956666313654
0.55	0.25	1.0399956666406025
0.45	0.2625	0.9750655853935906
0.55	0.2625	0.9750655853935906
0.45	0.275	0.9876509876345934
0.55	0.275	0.9876509876454233
0.45	0.2875	0.9965367923787053
0.55	0.2875	0.9965367923787053
0.45	0.3	0.9999973333197948
0.55	0.3	0.9999973333197948
0.45	0.3125	0.995553222211458
0.55	0.3125	0.995553222211458
0.45	0.325	0.9795898367244259
0.55	0.325	0.9795898367244259
0.45	0.3375	0.9467438954433277
0.55	0.3375	0.9467438954433277
0.45	0.35	1.11110944444501
0.55	0.35	1.11110944444501
0.45	0.3625	1.057849906333276
0.55	0.3625	1.057849906333276
0.45	0.375	0.9599990000138545
0.55	0.375	0.9599990000138545
0.45	0.3875	1.1851841851662013
0.55	0.3875	1.1851841851662013
0.45	0.4	0.9999993333382736
0.55	0.4	0.9999993333382736
0.45	0.4125	1.3061217822780933
0.55	0.4125	1.3061217822780933
0.45	0.425	0.8888885555114516
0.55	0.425	0.8888885555991729
0.45	0.4375	1.2799996665368376
0.55	0.4375	1.2799996667187366
0.45	0.45	1.999999666209503
0.55	0.45	1.9999996670976812
0.45	0.4625	0.
0.55	0.4625	0.
0.45	0.475	0.
0.55	0.475	0.
0.45	0.4875	0.
0.55	0.4875	0.
0.45	0.5	0.
0.55	0.5	Indeterminate
0.45	0.5125	0.
0.55	0.5125	0.
0.45	0.525	0.
0.55	0.525	0.
0.45	0.5375	0.
0.55	0.5375	0.
0.45	0.55	1.999999666209503
0.55	0.55	1.9999996670976812
0.45	0.5625	1.2799996665368376
0.55	0.5625	1.2799996667187366
0.45	0.575	0.8888885555114516
0.55	0.575	0.8888885555991729
0.45	0.5875	1.3061217822780933
0.55	0.5875	1.3061217822780933
0.45	0.6	0.9999993333382736
0.55	0.6	0.9999993333382736
0.45	0.6125	1.1851841851662013
0.55	0.6125	1.1851841851662013
0.45	0.625	0.9599990000138545
0.55	0.625	0.9599990000138545
0.45	0.6375	1.057849906333276
0.55	0.6375	1.057849906333276
0.45	0.65	1.11110944444501
0.55	0.65	1.11110944444501
0.45	0.6625	0.9467438954433277
0.55	0.6625	0.9467438954433277
0.45	0.675	0.9795898367244259
0.55	0.675	0.9795898367244259
0.45	0.6875	0.995553222211458
0.55	0.6875	0.995553222211458
0.45	0.7	0.9999973333197948
0.55	0.7	0.9999973333197948
0.45	0.7125	0.9965367923787053
0.55	0.7125	0.9965367923787053
0.45	0.725	0.9876509876345934
0.55	0.725	0.9876509876454233
0.45	0.7375	0.9750655853935906
0.55	0.7375	0.9750655853935906
0.45	0.75	1.0399956666313654
0.55	0.75	1.0399956666406025
0.45	0.7625	1.0158683491764056
0.55	0.7625	1.0158683491764056
0.45	0.775	0.9917305371556943
0.55	0.775	0.9917305371629738
0.45	0.7875	1.0283497208082564
0.55	0.7875	1.0283497208151626
0.45	0.8	0.9999939999487705
0.55	0.8	0.9999939999487705
0.45	0.8125	1.023993333270638
0.55	0.8125	1.023993333270638
0.45	0.825	0.9940758401668897
0.55	0.825	0.9940758401668897
0.45	0.8375	1.0095945280340772
0.55	0.8375	1.0095945280439176
0.45	0.85	1.0203998298363648
0.55	0.85	1.0203998298363648
0.45	0.8625	0.9892897874485661
0.55	0.8625	0.9892897874485661
0.45	0.875	0.995546222096356
0.55	0.875	0.995546222096356
0.45	0.8875	0.9989494171305884
0.55	0.8875	0.9989494171305884
0.45	0.9	0.9999893331732284
0.55	0.9	0.9999893331766978
0.45	0.9125	0.9990703928402072
0.55	0.9125	0.9990703928434664
0.45	0.925	0.9965277921832347
0.55	0.925	0.9965277921862973
0.45	0.9375	0.9926403943296186
0.55	0.9375	0.9926403943324974
0.45	0.95	1.0123320120867294
0.55	0.95	1.0123320120867294
0.45	0.9625	1.0050988877102762
0.55	0.9625	1.0050988877102762
0.45	0.975	0.9972149165799223
0.55	0.975	0.9972149165799223
0.45	0.9875	1.0098459325829812
0.55	0.9875	1.00984593258534
0.45	1.	0.9999833329437261
0.55	1.	0.9999833329437261
0.5	0.0125	Indeterminate
0.5	0.0125	Indeterminate
0.5	0.025	Indeterminate
0.5	0.025	Indeterminate
0.5	0.0375	Indeterminate
0.5	0.0375	Indeterminate
0.5	0.05	Indeterminate
0.5	0.05	Indeterminate
0.5	0.0625	Indeterminate
0.5	0.0625	Indeterminate
0.5	0.075	Indeterminate
0.5	0.075	Indeterminate
0.5	0.0875	Indeterminate
0.5	0.0875	Indeterminate
0.5	0.1	Indeterminate
0.5	0.1	Indeterminate
0.5	0.1125	Indeterminate
0.5	0.1125	Indeterminate
0.5	0.125	Indeterminate
0.5	0.125	Indeterminate
0.5	0.1375	Indeterminate
0.5	0.1375	Indeterminate
0.5	0.15	Indeterminate
0.5	0.15	Indeterminate
0.5	0.1625	Indeterminate
0.5	0.1625	Indeterminate
0.5	0.175	Indeterminate
0.5	0.175	Indeterminate
0.5	0.1875	Indeterminate
0.5	0.1875	Indeterminate
0.5	0.2	Indeterminate
0.5	0.2	Indeterminate
0.5	0.2125	Indeterminate
0.5	0.2125	Indeterminate
0.5	0.225	Indeterminate
0.5	0.225	Indeterminate
0.5	0.2375	Indeterminate
0.5	0.2375	Indeterminate
0.5	0.25	Indeterminate
0.5	0.25	Indeterminate
0.5	0.2625	Indeterminate
0.5	0.2625	Indeterminate
0.5	0.275	Indeterminate
0.5	0.275	Indeterminate
0.5	0.2875	Indeterminate
0.5	0.2875	Indeterminate
0.5	0.3	Indeterminate
0.5	0.3	Indeterminate
0.5	0.3125	Indeterminate
0.5	0.3125	Indeterminate
0.5	0.325	Indeterminate
0.5	0.325	Indeterminate
0.5	0.3375	Indeterminate
0.5	0.3375	Indeterminate
0.5	0.35	Indeterminate
0.5	0.35	Indeterminate
0.5	0.3625	Indeterminate
0.5	0.3625	Indeterminate
0.5	0.375	Indeterminate
0.5	0.375	Indeterminate
0.5	0.3875	Indeterminate
0.5	0.3875	Indeterminate
0.5	0.4	Indeterminate
0.5	0.4	Indeterminate
0.5	0.4125	Indeterminate
0.5	0.4125	Indeterminate
0.5	0.425	Indeterminate
0.5	0.425	Indeterminate
0.5	0.4375	Indeterminate
0.5	0.4375	Indeterminate
0.5	0.45	Indeterminate
0.5	0.45	Indeterminate
0.5	0.4625	Indeterminate
0.5	0.4625	Indeterminate
0.5	0.475	Indeterminate
0.5	0.475	Indeterminate
0.5	0.4875	Indeterminate
0.5	0.4875	Indeterminate
0.5	0.5	Indeterminate
0.5	0.5	Indeterminate
0.5	0.5125	Indeterminate
0.5	0.5125	Indeterminate
0.5	0.525	Indeterminate
0.5	0.525	Indeterminate
0.5	0.5375	Indeterminate
0.5	0.5375	Indeterminate
0.5	0.55	Indeterminate
0.5	0.55	Indeterminate
0.5	0.5625	Indeterminate
0.5	0.5625	Indeterminate
0.5	0.575	Indeterminate
0.5	0.575	Indeterminate
0.5	0.5875	Indeterminate
0.5	0.5875	Indeterminate
0.5	0.6	Indeterminate
0.5	0.6	Indeterminate
0.5	0.6125	Indeterminate
0.5	0.6125	Indeterminate
0.5	0.625	Indeterminate
0.5	0.625	Indeterminate
0.5	0.6375	Indeterminate
0.5	0.6375	Indeterminate
0.5	0.65	Indeterminate
0.5	0.65	Indeterminate
0.5	0.6625	Indeterminate
0.5	0.6625	Indeterminate
0.5	0.675	Indeterminate
0.5	0.675	Indeterminate
0.5	0.6875	Indeterminate
0.5	0.6875	Indeterminate
0.5	0.7	Indeterminate
0.5	0.7	Indeterminate
0.5	0.7125	Indeterminate
0.5	0.7125	Indeterminate
0.5	0.725	Indeterminate
0.5	0.725	Indeterminate
0.5	0.7375	Indeterminate
0.5	0.7375	Indeterminate
0.5	0.75	Indeterminate
0.5	0.75	Indeterminate
0.5	0.7625	Indeterminate
0.5	0.7625	Indeterminate
0.5	0.775	Indeterminate
0.5	0.775	Indeterminate
0.5	0.7875	Indeterminate
0.5	0.7875	Indeterminate
0.5	0.8	Indeterminate
0.5	0.8	Indeterminate
0.5	0.8125	Indeterminate
0.5	0.8125	Indeterminate
0.5	0.825	Indeterminate
0.5	0.825	Indeterminate
0.5	0.8375	Indeterminate
0.5	0.8375	Indeterminate
0.5	0.85	Indeterminate
0.5	0.85	Indeterminate
0.5	0.8625	Indeterminate
0.5	0.8625	Indeterminate
0.5	0.875	Indeterminate
0.5	0.875	Indeterminate
0.5	0.8875	Indeterminate
0.5	0.8875	Indeterminate
0.5	0.9	Indeterminate
0.5	0.9	Indeterminate
0.5	0.9125	Indeterminate
0.5	0.9125	Indeterminate
0.5	0.925	Indeterminate
0.5	0.925	Indeterminate
0.5	0.9375	Indeterminate
0.5	0.9375	Indeterminate
0.5	0.95	Indeterminate
0.5	0.95	Indeterminate
0.5	0.9625	Indeterminate
0.5	0.9625	Indeterminate
0.5	0.975	Indeterminate
0.5	0.975	Indeterminate
0.5	0.9875	Indeterminate
0.5	0.9875	Indeterminate
0.5	1.	Indeterminate
0.5	1.	Indeterminate